camera_matrix:
  rows: 3
  cols: 3
  data:
    [
      6.4072733351644865e+02,
      0.0,
      6.2202256509683798e+02,
      0.0,
      5.9651279438297843e+02,
      4.7118575007151452e+02,
      0.0,
      0.0,
      1.0,
    ]

dist_coeffs:
  rows: 4
  cols: 1
  data:
    [
      -2.6324817536674022e-03,
      -1.0976012529572739e-01,
      2.8343617874044086e-01,
      -2.2794885503769136e-01,
    ]

resolution:
  rows: 2
  cols: 1
  data: [1280, 960]

project_matrix:
  rows: 3
  cols: 3
  data:
    [
      6.95258031e-01,
      1.24826254e+00,
      3.86058649e+01,
      -6.26353104e-02,
      1.93544660e+00,
      -1.86710803e+02,
      -2.79806698e-04,
      2.56496753e-03,
      1.00000000e+00,
    ]

output_resolution:
  rows: 2
  cols: 1
  data: [1000, 500]

scale_xy:
  rows: 2
  cols: 1
  data: [1, 1.]

shift_xy:
  rows: 2
  cols: 1
  data: [0., 0]
