camera_matrix:
  rows: 3
  cols: 3
  data:
    [
      6.4929051801406797e+02,
      0.0,
      6.1230522039856157e+02,
      0.0,
      6.0556935671870428e+02,
      5.0560432887567748e+02,
      0.0,
      0.0,
      1.0,
    ]

dist_coeffs:
  rows: 4
  cols: 1
  data:
    [
      5.3835887857414068e-03,
      -1.6313573556439998e-01,
      3.9320691822960374e-01,
      -3.0628063565889174e-01,
    ]

resolution:
  rows: 2
  cols: 1
  data: [1280, 960]

project_matrix:
  rows: 3
  cols: 3
  data:
    [
      4.38150913e-01,
      3.95406967e-01,
      2.55805331e+02,
      -1.26607771e-02,
      8.03547727e-01,
      1.94809694e+02,
      8.70791175e-06,
      8.01018742e-04,
      1.00000000e+00,
    ]

output_resolution:
  rows: 2
  cols: 1
  data: [1000, 500]

scale_xy:
  rows: 2
  cols: 1
  data: [1, 1.]

shift_xy:
  rows: 2
  cols: 1
  data: [0., 0]
