camera_matrix:
  rows: 3
  cols: 3
  data:
    [
      6.5749994037647730e+02,
      0.0,
      6.2419695408122357e+02,
      0.0,
      6.1708962360492478e+02,
      4.7881887927969512e+02,
      0.0,
      0.0,
      1.0,
    ]

dist_coeffs:
  rows: 4
  cols: 1
  data:
    [
      -4.3197926701982574e-03,
      -8.1253917657262059e-02,
      1.6049401021107843e-01,
      -1.0204227119642488e-01,
    ]

resolution:
  rows: 2
  cols: 1
  data: [1280, 960]

project_matrix:
  rows: 3
  cols: 3
  data:
    [
      9.63948487e-01,
      1.75181228e+00,
      -1.50561072e+02,
      -6.67561120e-02,
      2.54388246e+00,
      -3.76566406e+02,
      -1.98156138e-04,
      3.49163457e-03,
      1.00000000e+00,
    ]

output_resolution:
  rows: 2
  cols: 1
  data: [1000, 500]

scale_xy:
  rows: 2
  cols: 1
  data: [1, 1.]

shift_xy:
  rows: 2
  cols: 1
  data: [0., 0]
