camera_matrix:
  rows: 3
  cols: 3
  data:
    [
      6.5543949692786850e+02,
      0.0,
      6.7480181103111045e+02,
      0.0,
      6.0948650232925490e+02,
      5.0131595321689986e+02,
      0.0,
      0.0,
      1.0,
    ]

dist_coeffs:
  rows: 4
  cols: 1
  data:
    [
      -3.9239424430358966e-02,
      6.8904791288211240e-02,
      -1.1847369719144193e-01,
      6.3224077225049163e-02,
    ]

resolution:
  rows: 2
  cols: 1
  data: [1280, 960]

project_matrix:
  rows: 3
  cols: 3
  data:
    [
      9.21375240e-01,
      1.50527043e+00,
      -1.61969383e+02,
      -3.28698973e-02,
      2.21622361e+00,
      -2.69334567e+02,
      -7.34255427e-05,
      3.00736345e-03,
      1.00000000e+00,
    ]

output_resolution:
  rows: 2
  cols: 1
  data: [1000, 500]

scale_xy:
  rows: 2
  cols: 1
  data: [1, 1.]

shift_xy:
  rows: 2
  cols: 1
  data: [0., 0]
